[-300,7]
[-299,3]
[-298,6]
[-297,6]
[-296,2]
[-295,3]
[-294,6]
[-293,4]
[-292,2]
[-291,2]
[-290,2]
[-289,1]
[-288,5]
[-287,6]
[-286,3]
[-285,3]
[-284,5]
[-283,5]
[-282,5]
[-281,6]
[-280,12]
[-279,8]
[-278,8]
[-277,2]
[-276,3]
[-275,4]
[-274,4]
[-273,2]
[-272,7]
[-271,2]
[-270,2]
[-269,1]
[-268,4]
[-267,1]
[-266,4]
[-265,4]
[-264,8]
[-263,6]
[-262,6]
[-261,2]
[-260,7]
[-259,2]
[-258,6]
[-257,3]
[-256,4]
[-255,7]
[-254,2]
[-253,7]
[-252,2]
[-251,4]
[-250,8]
[-249,2]
[-248,1]
[-247,2]
[-246,10]
[-245,4]
[-244,4]
[-243,4]
[-242,2]
[-241,9]
[-240,9]
[-239,8]
[-238,10]
[-237,2]
[-236,2]
[-235,5]
[-234,8]
[-233,1]
[-232,3]
[-231,2]
[-230,6]
[-229,7]
[-228,5]
[-227,7]
[-226,7]
[-225,4]
[-224,2]
[-223,7]
[-222,6]
[-221,10]
[-220,14]
[-219,7]
[-218,11]
[-217,13]
[-216,13]
[-215,7]
[-214,10]
[-213,4]
[-212,15]
[-211,8]
[-210,8]
[-209,6]
[-208,5]
[-207,6]
[-206,11]
[-205,13]
[-204,5]
[-203,6]
[-202,11]
[-201,8]
[-200,20]
[-199,3]
[-198,5]
[-197,6]
[-196,7]
[-195,9]
[-194,8]
[-193,6]
[-192,6]
[-191,8]
[-190,9]
[-189,4]
[-188,5]
[-187,4]
[-186,3]
[-185,3]
[-184,4]
[-183,4]
[-182,1]
[-181,3]
[-180,8]
[-179,5]
[-178,2]
[-177,3]
[-176,3]
[-175,5]
[-174,1]
[-173,2]
[-172,3]
[-171,5]
[-170,6]
[-169,3]
[-168,8]
[-167,6]
[-166,6]
[-165,2]
[-164,6]
[-163,4]
[-162,5]
[-161,7]
[-160,10]
[-159,2]
[-158,2]
[-157,4]
[-156,1]
[-155,3]
[-154,5]
[-153,4]
[-152,1]
[-151,6]
[-150,10]
[-149,5]
[-148,4]
[-147,6]
[-146,4]
[-145,3]
[-144,2]
[-143,1]
[-142,3]
[-141,4]
[-140,3]
[-139,3]
[-138,4]
[-137,5]
[-136,1]
[-135,2]
[-134,5]
[-133,5]
[-132,3]
[-131,5]
[-130,1]
[-129,8]
[-128,4]
[-127,1]
[-126,2]
[-125,2]
[-124,3]
[-123,3]
[-122,2]
[-121,5]
[-120,1]
[-119,4]
[-118,3]
[-117,1]
[-116,2]
[-115,4]
[-114,2]
[-113,5]
[-112,2]
[-111,5]
[-110,2]
[-109,1]
[-108,3]
[-107,2]
[-106,2]
[-105,3]
[-104,4]
[-103,3]
[-102,3]
[-101,2]
[-100,13]
[-99,1]
[-98,3]
[-97,10]
[-96,4]
[-95,4]
[-94,5]
[-93,4]
[-92,5]
[-91,4]
[-90,7]
[-89,8]
[-88,5]
[-87,4]
[-86,5]
[-85,1]
[-84,1]
[-83,4]
[-82,6]
[-81,3]
[-80,6]
[-79,2]
[-78,4]
[-77,4]
[-76,3]
[-75,6]
[-74,7]
[-73,3]
[-72,3]
[-71,3]
[-70,4]
[-69,8]
[-68,5]
[-67,13]
[-66,9]
[-65,3]
[-64,4]
[-63,10]
[-62,7]
[-61,3]
[-60,4]
[-59,5]
[-58,12]
[-57,10]
[-56,4]
[-55,9]
[-54,8]
[-53,10]
[-52,9]
[-51,4]
[-50,5]
[-49,15]
[-48,16]
[-47,10]
[-46,13]
[-45,6]
[-44,13]
[-43,17]
[-42,11]
[-41,4]
[-40,12]
[-39,3]
[-38,5]
[-37,6]
[-36,12]
[-35,5]
[-34,4]
[-33,5]
[-32,6]
[-31,11]
[-30,10]
[-29,7]
[-28,4]
[-27,7]
[-26,9]
[-25,5]
[-24,2]
[-23,10]
[-22,4]
[-21,1]
[-20,6]
[-19,3]
[-18,4]
[-17,1]
[-16,4]
[-15,6]
[-14,3]
[-13,4]
[-12,7]
[-11,3]
[-10,4]
[-9,4]
[-8,1]
[-7,1]
[-6,2]
[-5,1]
[-4,2]
[-3,2]
[-2,4]
[-1,4]
[1,19]
[2,9]
[3,7]
[4,14]
[5,8]
[6,18]
[7,9]
[8,9]
[9,13]
[10,7]
[11,4]
[12,6]
[13,5]
[14,12]
[15,8]
[16,5]
[17,10]
[18,8]
[19,9]
[20,4]
[21,6]
[22,6]
[23,6]
[24,7]
[25,6]
[26,3]
[27,6]
[28,4]
[29,3]
[30,8]
[31,5]
[32,4]
[33,4]
[35,2]
[36,5]
[37,6]
[38,5]
[39,9]
[40,11]
[41,11]
[42,8]
[43,11]
[44,8]
[45,9]
[46,7]
[47,11]
[48,10]
[49,9]
[50,18]
[51,8]
[52,9]
[53,8]
[54,14]
[55,4]
[56,3]
[57,9]
[58,12]
[59,6]
[60,16]
[61,6]
[62,12]
[63,5]
[64,8]
[65,10]
[66,13]
[67,12]
[68,15]
[69,21]
[70,24]
[71,10]
[72,6]
[73,7]
[74,5]
[75,8]
[76,5]
[77,8]
[78,8]
[79,9]
[80,10]
[81,4]
[82,5]
[83,6]
[84,7]
[85,4]
[86,5]
[87,4]
[88,6]
[89,6]
[90,10]
[91,4]
[92,4]
[93,4]
[94,4]
[95,6]
[96,9]
[97,6]
[98,8]
[99,1]
[100,21]
[101,5]
[102,6]
[103,4]
[104,6]
[105,11]
[106,7]
[107,7]
[108,3]
[109,5]
[110,5]
[111,2]
[112,5]
[113,7]
[114,6]
[115,9]
[116,7]
[117,9]
[118,9]
[119,4]
[120,7]
[121,4]
[122,5]
[123,7]
[124,4]
[125,11]
[126,1]
[127,4]
[128,8]
[129,3]
[130,13]
[131,6]
[132,7]
[133,2]
[134,6]
[135,6]
[136,8]
[137,1]
[138,6]
[139,3]
[140,7]
[141,4]
[142,5]
[143,3]
[144,7]
[145,6]
[146,4]
[147,5]
[148,2]
[149,1]
[150,11]
[151,3]
[152,3]
[153,2]
[154,6]
[155,7]
[156,1]
[157,1]
[158,2]
[159,2]
[160,4]
[161,5]
[162,3]
[163,1]
[164,6]
[165,9]
[166,11]
[167,6]
[168,3]
[169,9]
[170,7]
[171,5]
[172,7]
[173,3]
[174,3]
[175,6]
[176,3]
[177,7]
[178,5]
[179,6]
[180,15]
[181,3]
[182,2]
[183,1]
[184,8]
[185,10]
[186,3]
[187,6]
[188,3]
[189,8]
[190,9]
[191,5]
[192,6]
[193,13]
[194,6]
[195,8]
[196,6]
[197,9]
[198,4]
[199,6]
[200,14]
[201,3]
[202,9]
[203,7]
[204,5]
[205,5]
[206,3]
[207,2]
[208,9]
[209,3]
[210,1]
[211,9]
[212,5]
[213,3]
[214,6]
[215,4]
[216,6]
[217,9]
[218,4]
[219,9]
[220,8]
[221,3]
[222,5]
[223,2]
[224,1]
[225,2]
[226,4]
[227,3]
[228,3]
[229,5]
[230,6]
[231,3]
[232,4]
[233,1]
[234,3]
[235,7]
[236,6]
[237,4]
[238,12]
[239,3]
[240,6]
[241,6]
[242,4]
[243,5]
[244,11]
[245,4]
[246,3]
[247,5]
[248,4]
[249,4]
[250,15]
[251,7]
[252,4]
[253,9]
[254,3]
[255,1]
[256,14]
[257,9]
[258,9]
[259,8]
[260,18]
[261,6]
[262,3]
[263,3]
[264,2]
[265,5]
[266,2]
[267,5]
[268,9]
[269,7]
[270,7]
[271,12]
[272,10]
[273,10]
[274,9]
[275,6]
[276,8]
[277,3]
[278,3]
[279,2]
[280,11]
[281,1]
[282,6]
[283,6]
[284,7]
[285,6]
[286,4]
[287,4]
[288,2]
[289,3]
[290,4]
[291,2]
[292,2]
[293,15]
[294,4]
[295,4]
[296,5]
[297,2]
[298,8]
[299,3]
[300,20]
[301,7]
[302,4]
[303,8]
[304,7]
[305,11]
[306,14]
[307,5]
[308,7]
[309,6]
[310,7]
[311,8]
[312,9]
[313,10]
[314,7]
[315,8]
[316,7]
[317,4]
[318,5]
[319,4]
[320,8]
[321,7]
[322,1]
[323,3]
[324,6]
[325,7]
[326,10]
[327,4]
[328,1]
[329,2]
[330,7]
[331,5]
[332,3]
[333,5]
[334,5]
[335,10]
[336,6]
[337,8]
[338,7]
[339,3]
[340,5]
[341,7]
[342,6]
[343,3]
[344,5]
[345,1]
[346,5]
[347,3]
[348,3]
[349,2]
[350,10]
[351,8]
[352,7]
[353,4]
[354,6]
[355,7]
[356,10]
[357,10]
[358,6]
[359,7]
[360,8]
[361,9]
[362,6]
[363,10]
[364,8]
[365,7]
[366,8]
[367,10]
[368,4]
[369,7]
[370,9]
[371,6]
[372,11]
[373,7]
[374,3]
[375,11]
[376,9]
[377,11]
[378,21]
[379,11]
[380,16]
[381,10]
[382,5]
[383,11]
[384,13]
[385,9]
[386,10]
[387,6]
[388,8]
[389,1]
[390,8]
[391,6]
[392,4]
[393,6]
[394,8]
[395,10]
[396,5]
[397,9]
[398,6]
[399,8]
[400,16]
[401,8]
[402,9]
[403,6]
[404,6]
[405,11]
[406,10]
[407,5]
[408,10]
[409,6]
[410,12]
[411,8]
[412,10]
[413,5]
[414,7]
[415,8]
[416,4]
[417,4]
[418,4]
[419,1]
[420,6]
[421,8]
[422,8]
[423,4]
[424,4]
[425,9]
[426,6]
[427,5]
[428,11]
[429,8]
[430,8]
[431,9]
[432,8]
[433,3]
[434,7]
[435,8]
[436,3]
[437,6]
[438,7]
[439,11]
[440,11]
[441,10]
[442,5]
[443,3]
[444,8]
[445,5]
[446,6]
[447,10]
[448,7]
[449,7]
[450,11]
[451,9]
[452,5]
[453,5]
[454,4]
[455,13]
[456,9]
[457,8]
[458,7]
[459,5]
[460,13]
[461,9]
[462,5]
[463,2]
[464,4]
[465,8]
[466,6]
[467,4]
[468,9]
[469,4]
[470,4]
[471,7]
[472,5]
[473,6]
[474,7]
[475,10]
[476,12]
[477,7]
[478,4]
[479,4]
[480,10]
[481,5]
[482,2]
[483,3]
[484,10]
[485,5]
[486,3]
[487,4]
[488,8]
[489,6]
[490,9]
[491,6]
[492,3]
[493,8]
[494,6]
[495,3]
[496,8]
[497,5]
[498,6]
[499,3]
[500,14]
[501,7]
[502,10]
[503,4]
[504,5]
[505,4]
[506,4]
[507,10]
[508,5]
[509,1]
[510,3]
[511,7]
[512,6]
[513,8]
[514,4]
[515,7]
[516,3]
[517,4]
[518,4]
[519,6]
[520,9]
[521,5]
[522,4]
[523,9]
[524,5]
[525,10]
[526,9]
[527,10]
[528,7]
[529,9]
[530,12]
[531,12]
[532,8]
[533,10]
[534,10]
[535,16]
[536,14]
[537,8]
[538,7]
[539,4]
[540,10]
[541,6]
[542,3]
[543,1]
[544,6]
[545,2]
[546,6]
[547,7]
[548,1]
[549,7]
[550,12]
[551,4]
[552,8]
[553,4]
[554,8]
[555,6]
[556,3]
[557,2]
[558,5]
[559,4]
[560,6]
[561,5]
[562,7]
[563,3]
[564,1]
[565,8]
[566,1]
[567,5]
[568,8]
[569,5]
[570,6]
[571,1]
[572,6]
[573,2]
[574,4]
[575,5]
[576,3]
[577,3]
[578,3]
[579,7]
[580,4]
[581,4]
[582,4]
[583,5]
[584,7]
[585,6]
[586,7]
[587,8]
[588,7]
[589,6]
[590,10]
[591,6]
[592,3]
[593,7]
[594,3]
[595,6]
[596,2]
[597,2]
[598,1]
[599,4]
[600,21]
[601,5]
[602,2]
[603,6]
[604,9]
[605,5]
[606,3]
[607,6]
[608,6]
[609,6]
[610,7]
[611,1]
[612,7]
[613,7]
[614,5]
[615,7]
[616,11]
[617,5]
[618,4]
[619,8]
[620,3]
[621,3]
[622,4]
[623,3]
[624,3]
[625,2]
[626,6]
[627,5]
[628,4]
[629,9]
[630,7]
[631,2]
[632,8]
[633,6]
[634,5]
[635,4]
[636,6]
[637,5]
[638,4]
[639,6]
[640,7]
[641,5]
[642,10]
[643,5]
[644,2]
[645,7]
[646,4]
[647,2]
[648,2]
[649,5]
[650,6]
[651,4]
[652,7]
[653,5]
[654,5]
[655,6]
[656,5]
[657,6]
[658,4]
[659,2]
[660,8]
[661,6]
[662,2]
[663,5]
[664,3]
[665,5]
[666,4]
[667,2]
[668,9]
[669,1]
[670,7]
[671,6]
[672,3]
[673,4]
[674,9]
[675,13]
[676,5]
[677,3]
[678,6]
[679,1]
[680,9]
[681,7]
[682,7]
[683,4]
[684,7]
[685,13]
[686,4]
[687,5]
[688,2]
[689,2]
[690,3]
[691,3]
[692,3]
[693,1]
[694,5]
[695,4]
[696,1]
[697,4]
[698,9]
[699,2]
[700,11]
[701,8]
[702,4]
[703,2]
[704,4]
[705,6]
[706,3]
[707,5]
[708,8]
[709,5]
[710,8]
[711,6]
[712,5]
[713,8]
[714,6]
[715,10]
[716,7]
[717,6]
[718,4]
[719,3]
[720,5]
[721,6]
[722,6]
[723,2]
[724,3]
[725,3]
[726,8]
[727,2]
[728,1]
[729,1]
[730,5]
[731,4]
[732,3]
[733,1]
[734,1]
[735,3]
[736,3]
[737,11]
[738,3]
[739,7]
[740,9]
[741,10]
[742,12]
[743,4]
[744,13]
[745,2]
[746,8]
[747,6]
[748,4]
[749,3]
[750,7]
[751,8]
[752,6]
[753,3]
[754,5]
[755,6]
[756,8]
[757,7]
[758,6]
[759,6]
[760,4]
[761,5]
[762,3]
[763,4]
[764,5]
[765,3]
[766,3]
[767,3]
[768,5]
[769,2]
[770,3]
[771,2]
[772,4]
[773,3]
[775,9]
[776,2]
[777,2]
[778,3]
[779,3]
[780,5]
[781,6]
[782,4]
[783,1]
[784,4]
[785,8]
[786,3]
[787,3]
[788,4]
[789,8]
[790,3]
[791,2]
[792,3]
[793,4]
[794,3]
[795,3]
[796,3]
[797,2]
[798,6]
[799,1]
[800,2]
[801,2]
[802,7]
[803,5]
[804,6]
[805,4]
[806,9]
[807,9]
[808,2]
[809,3]
[810,6]
[811,3]
[812,3]
[813,9]
[814,5]
[815,2]
[816,2]
[817,4]
[818,3]
[819,3]
[820,5]
[821,3]
[822,4]
[823,2]
[824,7]
[825,3]
[826,2]
[827,7]
[828,8]
[829,11]
[830,5]
[831,7]
[832,6]
[833,4]
[834,5]
[835,4]
[836,7]
[837,5]
[838,7]
[839,6]
[840,3]
[841,5]
[842,9]
[843,8]
[844,8]
[845,5]
[846,6]
[847,4]
[848,5]
[849,2]
[850,5]
[851,7]
[852,3]
[853,2]
[854,6]
[855,7]
[856,5]
[857,2]
[858,5]
[859,4]
[860,6]
[861,4]
[862,5]
[863,8]
[864,6]
[865,5]
[866,8]
[867,4]
[868,9]
[869,7]
[870,11]
[871,16]
[872,6]
[873,3]
[874,6]
[875,5]
[876,1]
[877,7]
[878,8]
[879,5]
[880,4]
[881,5]
[882,5]
[883,4]
[884,6]
[885,4]
[886,7]
[887,6]
[888,3]
[889,12]
[890,6]
[891,4]
[892,3]
[893,6]
[894,4]
[895,5]
[896,6]
[897,6]
[898,9]
[899,3]
[900,21]
[901,13]
[902,6]
[903,3]
[904,6]
[905,8]
[906,2]
[907,10]
[908,3]
[909,3]
[910,4]
[911,5]
[912,5]
[913,5]
[914,16]
[915,3]
[916,4]
[917,2]
[918,2]
[919,10]
[920,7]
[921,7]
[922,1]
[923,3]
[924,6]
[925,6]
[926,2]
[927,7]
[928,8]
[929,3]
[930,6]
[931,5]
[932,3]
[933,5]
[934,5]
[935,11]
[936,8]
[937,3]
[938,2]
[939,6]
[940,5]
[941,2]
[942,4]
[943,4]
[944,9]
[945,8]
[946,4]
[947,4]
[948,5]
[949,3]
[950,6]
[951,6]
[952,2]
[953,3]
[954,4]
[955,4]
[956,1]
[957,3]
[958,5]
[959,3]
[960,9]
[961,8]
[962,4]
[963,8]
[964,4]
[965,6]
[966,1]
[967,14]
[968,4]
[969,8]
[970,6]
[971,5]
[972,11]
[973,4]
[974,12]
[975,5]
[976,6]
[977,4]
[978,6]
[979,5]
[980,9]
[981,6]
[982,5]
[983,9]
[984,5]
[985,6]
[986,8]
[987,6]
[988,9]
[989,3]
[990,3]
[991,2]
[992,4]
[993,1]
[994,4]
[995,6]
[996,9]
[997,6]
[998,4]
[999,6]
[1000,28]
[1001,32]
[1002,15]
[1003,21]
[1004,13]
[1005,13]
[1006,5]
[1007,8]
[1008,8]
[1009,8]
[1010,13]
[1011,11]
[1012,9]
[1013,9]
[1014,11]
[1015,5]
[1016,11]
[1017,9]
[1018,12]
[1019,9]
[1020,5]
[1021,7]
[1022,7]
[1023,4]
[1024,5]
[1025,4]
[1026,5]
[1027,8]
[1028,5]
[1029,1]
[1030,7]
[1031,4]
[1032,2]
[1033,2]
[1034,4]
[1035,8]
[1036,4]
[1037,6]
[1038,3]
[1039,3]
[1040,6]
[1041,5]
[1042,12]
[1043,9]
[1044,3]
[1045,8]
[1046,9]
[1047,5]
[1048,7]
[1049,6]
[1050,6]
[1051,4]
[1052,3]
[1053,3]
[1054,8]
[1055,8]
[1056,6]
[1057,6]
[1058,8]
[1059,7]
[1060,8]
[1061,8]
[1062,4]
[1063,7]
[1064,6]
[1065,3]
[1066,17]
[1067,12]
[1068,3]
[1069,7]
[1070,10]
[1071,5]
[1072,9]
[1073,9]
[1074,4]
[1075,9]
[1076,12]
[1077,20]
[1078,5]
[1079,6]
[1080,10]
[1081,6]
[1082,6]
[1083,5]
[1084,8]
[1085,7]
[1086,6]
[1087,9]
[1088,10]
[1089,7]
[1090,4]
[1091,10]
[1092,4]
[1093,10]
[1094,7]
[1095,9]
[1096,10]
[1097,9]
[1098,9]
[1099,9]
[1100,31]
[1101,12]
[1102,12]
[1103,7]
[1104,10]
[1105,8]
[1106,4]
[1107,9]
[1108,8]
[1109,10]
[1110,8]
[1111,8]
[1112,7]
[1113,8]
[1114,6]
[1115,11]
[1116,8]
[1117,9]
[1118,52]
[1119,12]
[1120,9]
[1121,6]
[1122,5]
[1123,11]
[1124,8]
[1125,14]
[1126,11]
[1127,8]
[1128,8]
[1129,4]
[1130,5]
[1131,8]
[1132,11]
[1133,7]
[1134,40]
[1135,14]
[1136,7]
[1137,6]
[1138,9]
[1139,4]
[1140,10]
[1141,7]
[1142,5]
[1143,10]
[1144,13]
[1145,12]
[1146,9]
[1147,13]
[1148,9]
[1149,6]
[1150,20]
[1151,6]
[1152,10]
[1153,13]
[1154,12]
[1155,7]
[1156,10]
[1157,7]
[1158,11]
[1159,4]
[1160,12]
[1161,5]
[1162,7]
[1163,9]
[1164,11]
[1165,11]
[1166,6]
[1167,12]
[1168,5]
[1169,7]
[1170,9]
[1171,9]
[1172,5]
[1173,11]
[1174,14]
[1175,11]
[1176,12]
[1177,16]
[1178,8]
[1179,9]
[1180,15]
[1181,7]
[1182,13]
[1183,8]
[1184,11]
[1185,14]
[1186,6]
[1187,19]
[1188,9]
[1189,9]
[1190,16]
[1191,14]
[1192,8]
[1193,8]
[1194,13]
[1195,4]
[1196,7]
[1197,12]
[1198,7]
[1199,3]
[1200,5]
[1201,5]
[1202,14]
[1203,12]
[1204,14]
[1205,8]
[1206,12]
[1207,7]
[1208,7]
[1209,12]
[1210,11]
[1211,7]
[1212,12]
[1213,6]
[1214,10]
[1215,12]
[1216,10]
[1217,14]
[1218,13]
[1219,9]
[1220,20]
[1221,12]
[1222,11]
[1223,5]
[1224,6]
[1225,3]
[1226,7]
[1227,7]
[1228,10]
[1229,11]
[1230,7]
[1231,7]
[1232,9]
[1233,9]
[1234,8]
[1235,8]
[1236,9]
[1237,12]
[1238,11]
[1239,6]
[1240,7]
[1241,11]
[1242,17]
[1243,4]
[1244,9]
[1245,5]
[1246,9]
[1247,12]
[1248,12]
[1249,18]
[1250,25]
[1251,11]
[1252,13]
[1253,18]
[1254,21]
[1255,13]
[1256,11]
[1257,8]
[1258,10]
[1259,12]
[1260,24]
[1261,12]
[1262,8]
[1263,15]
[1264,19]
[1265,15]
[1266,7]
[1267,11]
[1268,16]
[1269,9]
[1270,16]
[1271,12]
[1272,8]
[1273,9]
[1274,13]
[1275,22]
[1276,14]
[1277,8]
[1278,9]
[1279,14]
[1280,10]
[1281,10]
[1282,17]
[1283,17]
[1284,16]
[1285,11]
[1286,9]
[1287,18]
[1288,13]
[1289,10]
[1290,13]
[1291,13]
[1292,7]
[1293,10]
[1294,9]
[1295,8]
[1296,5]
[1297,8]
[1298,9]
[1299,11]
[1300,11]
[1301,4]
[1302,16]
[1303,9]
[1304,6]
[1305,4]
[1306,8]
[1307,8]
[1308,8]
[1309,5]
[1310,6]
[1311,4]
[1312,8]
[1313,4]
[1314,8]
[1315,17]
[1316,7]
[1317,3]
[1318,9]
[1319,2]
[1320,7]
[1321,3]
[1322,8]
[1323,6]
[1324,2]
[1325,7]
[1326,8]
[1327,4]
[1328,6]
[1329,13]
[1330,4]
[1331,6]
[1332,5]
[1333,8]
[1334,3]
[1335,13]
[1336,6]
[1337,8]
[1338,4]
[1339,5]
[1340,7]
[1341,11]
[1342,9]
[1343,5]
[1344,8]
[1345,13]
[1346,18]
[1347,17]
[1348,14]
[1349,12]
[1350,8]
[1351,11]
[1352,14]
[1353,2]
[1354,8]
[1355,8]
[1356,12]
[1357,12]
[1358,9]
[1359,13]
[1360,6]
[1361,6]
[1362,19]
[1363,10]
[1364,9]
[1365,9]
[1366,10]
[1367,7]
[1368,9]
[1369,11]
[1370,11]
[1371,13]
[1372,8]
[1373,14]
[1374,11]
[1375,10]
[1376,19]
[1377,23]
[1378,20]
[1379,7]
[1380,14]
[1381,13]
[1382,20]
[1383,11]
[1384,10]
[1385,14]
[1386,17]
[1387,10]
[1388,18]
[1389,17]
[1390,19]
[1391,17]
[1392,16]
[1393,16]
[1394,18]
[1395,14]
[1396,22]
[1397,14]
[1398,21]
[1399,16]
[1400,20]
[1401,9]
[1402,20]
[1403,24]
[1404,13]
[1405,9]
[1406,8]
[1407,6]
[1408,8]
[1409,9]
[1410,6]
[1411,6]
[1412,6]
[1413,6]
[1414,7]
[1415,11]
[1416,4]
[1417,5]
[1418,6]
[1419,7]
[1420,9]
[1421,6]
[1422,9]
[1423,5]
[1424,3]
[1425,4]
[1426,5]
[1427,14]
[1428,8]
[1429,11]
[1430,12]
[1431,12]
[1432,6]
[1433,6]
[1434,10]
[1435,8]
[1436,11]
[1437,8]
[1438,10]
[1439,10]
[1440,9]
[1441,10]
[1442,6]
[1443,7]
[1444,15]
[1445,4]
[1446,10]
[1447,6]
[1448,10]
[1449,9]
[1450,16]
[1451,9]
[1452,10]
[1453,8]
[1454,9]
[1455,7]
[1456,11]
[1457,8]
[1458,8]
[1459,4]
[1460,8]
[1461,14]
[1462,5]
[1463,5]
[1464,9]
[1465,8]
[1466,8]
[1467,9]
[1468,7]
[1469,11]
[1470,10]
[1471,15]
[1472,8]
[1473,7]
[1474,4]
[1475,7]
[1476,4]
[1477,9]
[1478,11]
[1479,7]
[1480,8]
[1481,13]
[1482,7]
[1483,18]
[1484,11]
[1485,9]
[1486,7]
[1487,13]
[1488,9]
[1489,10]
[1490,18]
[1491,11]
[1492,24]
[1493,8]
[1494,16]
[1495,12]
[1496,12]
[1497,16]
[1498,13]
[1499,16]
[1500,12]
[1501,20]
[1502,21]
[1503,26]
[1504,22]
[1505,18]
[1506,9]
[1507,11]
[1508,5]
[1509,17]
[1510,9]
[1511,14]
[1512,20]
[1513,17]
[1514,11]
[1515,13]
[1516,13]
[1517,10]
[1518,7]
[1519,22]
[1520,22]
[1521,27]
[1522,13]
[1523,7]
[1524,11]
[1525,17]
[1526,12]
[1527,18]
[1528,21]
[1529,25]
[1530,12]
[1531,20]
[1532,13]
[1533,18]
[1534,19]
[1535,20]
[1536,29]
[1537,17]
[1538,13]
[1539,14]
[1540,17]
[1541,15]
[1542,17]
[1543,14]
[1544,16]
[1545,8]
[1546,8]
[1547,11]
[1548,9]
[1549,13]
[1550,11]
[1551,15]
[1552,17]
[1553,17]
[1554,12]
[1555,24]
[1556,17]
[1557,16]
[1558,10]
[1559,17]
[1560,21]
[1561,16]
[1562,16]
[1563,7]
[1564,7]
[1565,14]
[1566,9]
[1567,17]
[1568,19]
[1569,14]
[1570,14]
[1571,13]
[1572,20]
[1573,20]
[1574,8]
[1575,18]
[1576,10]
[1577,6]
[1578,12]
[1579,8]
[1580,13]
[1581,12]
[1582,20]
[1583,11]
[1584,14]
[1585,11]
[1586,15]
[1587,13]
[1588,18]
[1589,10]
[1590,15]
[1591,18]
[1592,19]
[1593,6]
[1594,14]
[1595,11]
[1596,19]
[1597,35]
[1598,15]
[1599,12]
[1600,16]
[1601,11]
[1602,16]
[1603,19]
[1604,13]
[1605,22]
[1606,16]
[1607,27]
[1608,21]
[1609,33]
[1610,23]
[1611,17]
[1612,18]
[1613,21]
[1614,11]
[1615,25]
[1616,116]
[1617,11]
[1618,16]
[1619,22]
[1620,26]
[1621,24]
[1622,33]
[1623,26]
[1624,27]
[1625,29]
[1626,20]
[1627,13]
[1628,17]
[1629,25]
[1630,25]
[1631,24]
[1632,25]
[1633,11]
[1634,20]
[1635,17]
[1636,14]
[1637,19]
[1638,28]
[1639,19]
[1640,12]
[1641,18]
[1642,22]
[1643,25]
[1644,22]
[1645,31]
[1646,16]
[1647,13]
[1648,19]
[1649,17]
[1650,22]
[1651,11]
[1652,7]
[1653,16]
[1654,16]
[1655,28]
[1656,15]
[1657,26]
[1658,12]
[1659,23]
[1660,24]
[1661,11]
[1662,17]
[1663,13]
[1664,9]
[1665,24]
[1666,18]
[1667,21]
[1668,10]
[1669,17]
[1670,15]
[1671,6]
[1672,14]
[1673,25]
[1674,9]
[1675,27]
[1676,33]
[1677,22]
[1678,13]
[1679,10]
[1680,10]
[1681,13]
[1682,17]
[1683,14]
[1684,15]
[1685,15]
[1686,11]
[1687,8]
[1688,25]
[1689,27]
[1690,22]
[1691,14]
[1692,9]
[1693,15]
[1694,11]
[1695,14]
[1696,26]
[1697,16]
[1698,17]
[1699,18]
[1700,27]
[1701,16]
[1702,16]
[1703,19]
[1704,18]
[1705,12]
[1706,5]
[1707,15]
[1708,17]
[1709,14]
[1710,8]
[1711,19]
[1712,12]
[1713,13]
[1714,12]
[1715,13]
[1716,19]
[1717,20]
[1718,16]
[1719,13]
[1720,14]
[1721,10]
[1722,15]
[1723,8]
[1724,16]
[1725,11]
[1726,12]
[1727,19]
[1728,11]
[1729,13]
[1730,7]
[1731,8]
[1732,7]
[1733,6]
[1734,6]
[1735,18]
[1736,25]
[1737,16]
[1738,12]
[1739,13]
[1740,16]
[1741,12]
[1742,28]
[1743,9]
[1744,11]
[1745,12]
[1746,14]
[1747,17]
[1748,16]
[1749,5]
[1750,23]
[1751,13]
[1752,9]
[1753,13]
[1754,10]
[1755,17]
[1756,19]
[1757,19]
[1758,23]
[1759,31]
[1760,24]
[1761,15]
[1762,20]
[1763,18]
[1764,15]
[1765,20]
[1766,16]
[1767,7]
[1768,15]
[1769,20]
[1770,20]
[1771,22]
[1772,11]
[1773,23]
[1774,18]
[1775,42]
[1776,46]
[1777,24]
[1778,22]
[1779,26]
[1780,31]
[1781,36]
[1782,24]
[1783,32]
[1784,25]
[1785,21]
[1786,25]
[1787,30]
[1788,38]
[1789,50]
[1790,30]
[1791,26]
[1792,47]
[1793,37]
[1794,26]
[1795,44]
[1796,32]
[1797,21]
[1798,34]
[1799,31]
[1800,28]
[1801,30]
[1802,26]
[1803,28]
[1804,37]
[1805,28]
[1806,32]
[1807,33]
[1808,45]
[1809,57]
[1810,42]
[1811,31]
[1812,43]
[1813,42]
[1814,48]
[1815,38]
[1816,25]
[1817,27]
[1818,27]
[1819,22]
[1820,38]
[1821,31]
[1822,30]
[1823,20]
[1824,30]
[1825,28]
[1826,27]
[1827,24]
[1828,17]
[1829,30]
[1830,32]
[1832,31]
[1833,26]
[1834,35]
[1835,47]
[1836,49]
[1837,25]
[1838,26]
[1839,42]
[1840,43]
[1841,41]
[1842,41]
[1843,38]
[1844,33]
[1845,46]
[1846,35]
[1847,37]
[1848,63]
[1849,46]
[1850,45]
[1851,42]
[1852,40]
[1853,45]
[1854,51]
[1855,39]
[1856,59]
[1857,43]
[1858,46]
[1859,60]
[1860,63]
[1861,93]
[1862,88]
[1863,86]
[1864,81]
[1865,70]
[1866,43]
[1867,55]
[1868,73]
[1869,57]
[1870,62]
[1871,56]
[1872,46]
[1873,67]
[1874,48]
[1875,44]
[1876,64]
[1877,37]
[1878,62]
[1879,48]
[1880,29]
[1881,59]
[1882,56]
[1883,62]
[1884,47]
[1885,68]
[1886,52]
[1887,68]
[1888,67]
[1889,79]
[1890,58]
[1891,53]
[1892,63]
[1893,74]
[1894,49]
[1895,64]
[1896,57]
[1897,61]
[1898,51]
[1899,74]
[1900,99]
[1901,92]
[1902,52]
[1903,53]
[1904,65]
[1905,67]
[1906,37]
[1907,29]
[1908,39]
[1909,25]
[1910,29]
[1911,30]
[1912,45]
[1913,73]
[1914,148]
[1915,76]
[1916,88]
[1917,122]
[1918,124]
[1919,131]
[1920,137]
[1921,116]
[1922,115]
[1923,89]
[1924,85]
[1925,70]
[1926,104]
[1927,96]
[1928,98]
[1929,55]
[1930,91]
[1931,78]
[1933,138]
[1934,114]
[1935,75]
[1936,79]
[1937,114]
[1938,167]
[1939,161]
[1940,180]
[1941,217]
[1942,197]
[1943,171]
[1944,255]
[1945,279]
[1946,154]
[1947,136]
[1948,138]
[1949,126]
[1950,159]
[1951,108]
[1952,115]
[1953,122]
[1954,126]
[1955,107]
[1956,123]
[1957,153]
[1958,159]
[1959,126]
[1960,180]
[1961,173]
[1962,175]
[1963,173]
[1964,236]
[1965,250]
[1966,309]
[1967,283]
[1968,163]
[1969,189]
[1970,257]
[1971,247]
[1972,244]
[1973,187]
[1974,53]
[1975,176]
[1976,194]
[1977,165]
[1978,163]
[1979,182]
[1980,163]
[1981,122]
[1982,164]
[1983,135]
[1984,108]
[1985,125]
[1986,134]
[1987,147]
[1988,141]
[1989,292]
[1990,250]
[1991,282]
[1992,230]
[1993,210]
[1994,162]
[1995,163]
[1996,260]
[1997,171]
[1998,64]
[1999,163]
[2000,121]
[2001,103]
[2002,143]
[2003,163]
[2004,222]
[2005,110]
[2006,64]
[2007,75]
[2008,176]
[2009,80]
[2010,51]
[2011,49]
[2012,34]
