[1966,309,1]
[1989,292,2]
[1967,283,3]
[1991,282,4]
[1945,279,5]
[1996,260,6]
[1970,257,7]
[1944,255,8]
[1965,250,9]
[1990,250,9]
[1971,247,11]
[1972,244,12]
[1964,236,13]
[1992,230,14]
[2004,222,15]
[1941,217,16]
[1993,210,17]
[1942,197,18]
[1976,194,19]
[1969,189,20]
[1973,187,21]
[1979,182,22]
[1940,180,23]
[1960,180,23]
[1975,176,25]
[2008,176,25]
[1962,175,27]
[1961,173,28]
[1963,173,28]
[1943,171,30]
[1997,171,30]
[1938,167,32]
[1977,165,33]
[1982,164,34]
[1980,163,35]
[1999,163,35]
[2003,163,35]
[1968,163,35]
[1978,163,35]
[1995,163,35]
[1994,162,41]
[1939,161,42]
[1958,159,43]
[1950,159,43]
[1946,154,45]
[1957,153,46]
[1914,148,47]
[1987,147,48]
[2002,143,49]
[1988,141,50]
[1948,138,51]
[1933,138,51]
[1920,137,53]
[1947,136,54]
[1983,135,55]
[1986,134,56]
[1919,131,57]
[1949,126,58]
[1959,126,58]
[1954,126,58]
[1985,125,61]
[1918,124,62]
[1956,123,63]
[1981,122,64]
[1917,122,64]
[1953,122,64]
[2000,121,67]
[1616,116,68]
[1921,116,68]
[1922,115,70]
[1952,115,70]
[1934,114,72]
[1937,114,72]
[2005,110,74]
[1951,108,75]
[1984,108,75]
[1955,107,77]
[1926,104,78]
[2001,103,79]
[1900,99,80]
[1928,98,81]
[1927,96,82]
[1861,93,83]
[1901,92,84]
[1930,91,85]
[1923,89,86]
[1862,88,87]
[1916,88,87]
[1863,86,89]
[1924,85,90]
[1864,81,91]
[2009,80,92]
[1889,79,93]
[1936,79,93]
[1931,78,95]
[1915,76,96]
[1935,75,97]
[2007,75,97]
[1893,74,99]
[1899,74,99]
[1868,73,101]
[1913,73,101]
[1925,70,103]
[1865,70,103]
[1885,68,105]
[1887,68,105]
[1888,67,107]
[1905,67,107]
[1873,67,107]
[1904,65,110]
[1876,64,111]
[1895,64,111]
[1998,64,111]
[2006,64,111]
[1848,63,115]
[1860,63,115]
[1892,63,115]
[1878,62,118]
[1883,62,118]
[1870,62,118]
[1897,61,121]
[1859,60,122]
[1856,59,123]
[1881,59,123]
[1890,58,125]
[1809,57,126]
[1869,57,126]
[1896,57,126]
[1871,56,129]
[1882,56,129]
[1929,55,131]
[1867,55,131]
[1891,53,133]
[1903,53,133]
[1974,53,133]
[1118,52,136]
[1886,52,136]
[1902,52,136]
[2010,51,139]
[1854,51,139]
[1898,51,139]
[1789,50,142]
[1836,49,143]
[1894,49,143]
[2011,49,143]
[1879,48,146]
[1814,48,146]
[1874,48,146]
[1792,47,149]
[1835,47,149]
[1884,47,149]
[1776,46,152]
[1845,46,152]
[1849,46,152]
[1858,46,152]
[1872,46,152]
[1850,45,157]
[1853,45,157]
[1808,45,157]
[1912,45,157]
[1795,44,161]
[1875,44,161]
[1812,43,163]
[1840,43,163]
[1866,43,163]
[1857,43,163]
[1775,42,167]
[1810,42,167]
[1813,42,167]
[1839,42,167]
[1851,42,167]
[1841,41,172]
[1842,41,172]
[1134,40,174]
[1852,40,174]
[1855,39,176]
[1908,39,176]
[1788,38,178]
[1843,38,178]
[1815,38,178]
[1820,38,178]
[1847,37,182]
[1877,37,182]
[1906,37,182]
[1793,37,182]
[1804,37,182]
[1781,36,187]
[1597,35,188]
[1834,35,188]
[1846,35,188]
[1798,34,191]
[2012,34,191]
[1609,33,193]
[1807,33,193]
[1622,33,193]
[1676,33,193]
[1844,33,193]
[1001,32,198]
[1783,32,198]
[1796,32,198]
[1830,32,198]
[1806,32,198]
[1645,31,203]
[1759,31,203]
[1821,31,203]
[1100,31,203]
[1780,31,203]
[1799,31,203]
[1811,31,203]
[1832,31,203]
[1787,30,211]
[1790,30,211]
[1829,30,211]
[1911,30,211]
[1801,30,211]
[1822,30,211]
[1824,30,211]
[1536,29,218]
[1880,29,218]
[1625,29,218]
[1907,29,218]
[1910,29,218]
[1655,28,223]
[1742,28,223]
[1803,28,223]
[1825,28,223]
[1000,28,223]
[1638,28,223]
[1800,28,223]
[1805,28,223]
[1521,27,231]
[1624,27,231]
[1689,27,231]
[1700,27,231]
[1817,27,231]
[1826,27,231]
[1607,27,231]
[1675,27,231]
[1818,27,231]
[1503,26,240]
[1620,26,240]
[1779,26,240]
[1802,26,240]
[1623,26,240]
[1657,26,240]
[1696,26,240]
[1791,26,240]
[1794,26,240]
[1833,26,240]
[1838,26,240]
[1250,25,251]
[1529,25,251]
[1629,25,251]
[1632,25,251]
[1673,25,251]
[1688,25,251]
[1736,25,251]
[1784,25,251]
[1786,25,251]
[1816,25,251]
[1837,25,251]
[1909,25,251]
[1615,25,251]
[1630,25,251]
[1643,25,251]
[70,24,266]
[1260,24,266]
[1631,24,266]
[1660,24,266]
[1665,24,266]
[1782,24,266]
[1403,24,266]
[1492,24,266]
[1555,24,266]
[1621,24,266]
[1760,24,266]
[1777,24,266]
[1827,24,266]
[1758,23,279]
[1773,23,279]
[1377,23,279]
[1610,23,279]
[1659,23,279]
[1750,23,279]
[1396,22,285]
[1619,22,285]
[1642,22,285]
[1650,22,285]
[1677,22,285]
[1771,22,285]
[1275,22,285]
[1504,22,285]
[1519,22,285]
[1520,22,285]
[1605,22,285]
[1644,22,285]
[1690,22,285]
[1778,22,285]
[1819,22,285]
[378,21,300]
[600,21,300]
[1003,21,300]
[1613,21,300]
[1785,21,300]
[69,21,300]
[100,21,300]
[900,21,300]
[1254,21,300]
[1398,21,300]
[1502,21,300]
[1528,21,300]
[1560,21,300]
[1608,21,300]
[1667,21,300]
[1797,21,300]
[-200,20,316]
[300,20,316]
[1378,20,316]
[1382,20,316]
[1402,20,316]
[1512,20,316]
[1535,20,316]
[1572,20,316]
[1573,20,316]
[1582,20,316]
[1626,20,316]
[1717,20,316]
[1762,20,316]
[1823,20,316]
[1077,20,316]
[1150,20,316]
[1220,20,316]
[1400,20,316]
[1501,20,316]
[1531,20,316]
[1634,20,316]
[1765,20,316]
[1769,20,316]
[1770,20,316]
[1264,19,340]
[1362,19,340]
[1376,19,340]
[1390,19,340]
[1592,19,340]
[1637,19,340]
[1648,19,340]
[1711,19,340]
[1727,19,340]
[1756,19,340]
[1,19,340]
[1187,19,340]
[1534,19,340]
[1568,19,340]
[1596,19,340]
[1603,19,340]
[1639,19,340]
[1703,19,340]
[1716,19,340]
[1757,19,340]
[50,18,360]
[1287,18,360]
[1346,18,360]
[1388,18,360]
[1505,18,360]
[1533,18,360]
[1575,18,360]
[1591,18,360]
[1641,18,360]
[1666,18,360]
[1699,18,360]
[1704,18,360]
[1763,18,360]
[6,18,360]
[260,18,360]
[1249,18,360]
[1253,18,360]
[1394,18,360]
[1483,18,360]
[1490,18,360]
[1527,18,360]
[1588,18,360]
[1612,18,360]
[1735,18,360]
[1774,18,360]
[1066,17,385]
[1283,17,385]
[1347,17,385]
[1386,17,385]
[1509,17,385]
[1525,17,385]
[1540,17,385]
[1542,17,385]
[1552,17,385]
[1567,17,385]
[1611,17,385]
[1628,17,385]
[1662,17,385]
[1669,17,385]
[1682,17,385]
[1747,17,385]
[1755,17,385]
[-43,17,385]
[1242,17,385]
[1282,17,385]
[1315,17,385]
[1389,17,385]
[1391,17,385]
[1513,17,385]
[1537,17,385]
[1553,17,385]
[1556,17,385]
[1559,17,385]
[1635,17,385]
[1649,17,385]
[1698,17,385]
[1708,17,385]
[1828,17,385]
[-48,16,418]
[60,16,418]
[380,16,418]
[400,16,418]
[914,16,418]
[1270,16,418]
[1302,16,418]
[1392,16,418]
[1450,16,418]
[1497,16,418]
[1557,16,418]
[1561,16,418]
[1602,16,418]
[1606,16,418]
[1618,16,418]
[1646,16,418]
[1718,16,418]
[1740,16,418]
[1748,16,418]
[1766,16,418]
[535,16,418]
[871,16,418]
[1177,16,418]
[1190,16,418]
[1268,16,418]
[1284,16,418]
[1393,16,418]
[1399,16,418]
[1494,16,418]
[1499,16,418]
[1544,16,418]
[1562,16,418]
[1600,16,418]
[1653,16,418]
[1654,16,418]
[1697,16,418]
[1701,16,418]
[1702,16,418]
[1724,16,418]
[1737,16,418]
[-212,15,458]
[-49,15,458]
[180,15,458]
[1002,15,458]
[1263,15,458]
[1541,15,458]
[1586,15,458]
[1590,15,458]
[1598,15,458]
[1656,15,458]
[1670,15,458]
[1722,15,458]
[1768,15,458]
[68,15,458]
[250,15,458]
[293,15,458]
[1180,15,458]
[1265,15,458]
[1444,15,458]
[1471,15,458]
[1551,15,458]
[1684,15,458]
[1685,15,458]
[1693,15,458]
[1707,15,458]
[1761,15,458]
[1764,15,458]
[-220,14,485]
[4,14,485]
[256,14,485]
[306,14,485]
[500,14,485]
[536,14,485]
[1125,14,485]
[1185,14,485]
[1191,14,485]
[1202,14,485]
[1217,14,485]
[1279,14,485]
[1348,14,485]
[1352,14,485]
[1373,14,485]
[1385,14,485]
[1397,14,485]
[1569,14,485]
[1672,14,485]
[1683,14,485]
[1691,14,485]
[1709,14,485]
[1720,14,485]
[54,14,485]
[200,14,485]
[967,14,485]
[1135,14,485]
[1174,14,485]
[1204,14,485]
[1276,14,485]
[1380,14,485]
[1395,14,485]
[1427,14,485]
[1461,14,485]
[1511,14,485]
[1539,14,485]
[1543,14,485]
[1565,14,485]
[1570,14,485]
[1584,14,485]
[1594,14,485]
[1636,14,485]
[1695,14,485]
[1746,14,485]
[-216,13,529]
[-100,13,529]
[130,13,529]
[384,13,529]
[455,13,529]
[685,13,529]
[744,13,529]
[901,13,529]
[1147,13,529]
[1153,13,529]
[1252,13,529]
[1255,13,529]
[1290,13,529]
[1329,13,529]
[1335,13,529]
[1345,13,529]
[1359,13,529]
[1371,13,529]
[1487,13,529]
[1498,13,529]
[1515,13,529]
[1538,13,529]
[1571,13,529]
[1580,13,529]
[1604,13,529]
[1627,13,529]
[1647,13,529]
[1663,13,529]
[1678,13,529]
[1681,13,529]
[1715,13,529]
[1719,13,529]
[1729,13,529]
[1751,13,529]
[1753,13,529]
[-217,13,529]
[-205,13,529]
[-67,13,529]
[-46,13,529]
[-44,13,529]
[9,13,529]
[66,13,529]
[193,13,529]
[460,13,529]
[675,13,529]
[1004,13,529]
[1005,13,529]
[1010,13,529]
[1144,13,529]
[1182,13,529]
[1194,13,529]
[1218,13,529]
[1274,13,529]
[1288,13,529]
[1291,13,529]
[1381,13,529]
[1404,13,529]
[1481,13,529]
[1516,13,529]
[1522,13,529]
[1532,13,529]
[1549,13,529]
[1587,13,529]
[1713,13,529]
[1739,13,529]
[-58,12,594]
[-36,12,594]
[14,12,594]
[58,12,594]
[67,12,594]
[238,12,594]
[531,12,594]
[550,12,594]
[974,12,594]
[1018,12,594]
[1042,12,594]
[1076,12,594]
[1101,12,594]
[1154,12,594]
[1160,12,594]
[1167,12,594]
[1197,12,594]
[1209,12,594]
[1215,12,594]
[1221,12,594]
[1237,12,594]
[1261,12,594]
[1349,12,594]
[1356,12,594]
[1430,12,594]
[1496,12,594]
[1500,12,594]
[1526,12,594]
[1554,12,594]
[1581,12,594]
[1599,12,594]
[1640,12,594]
[1705,12,594]
[1714,12,594]
[1726,12,594]
[1738,12,594]
[1741,12,594]
[1745,12,594]
[-280,12,594]
[-40,12,594]
[62,12,594]
[271,12,594]
[410,12,594]
[476,12,594]
[530,12,594]
[742,12,594]
[889,12,594]
[1067,12,594]
[1102,12,594]
[1119,12,594]
[1145,12,594]
[1176,12,594]
[1203,12,594]
[1206,12,594]
[1212,12,594]
[1247,12,594]
[1248,12,594]
[1259,12,594]
[1271,12,594]
[1357,12,594]
[1431,12,594]
[1495,12,594]
[1530,12,594]
[1578,12,594]
[1658,12,594]
[1712,12,594]
[-218,11,660]
[150,11,660]
[244,11,660]
[280,11,660]
[305,11,660]
[372,11,660]
[379,11,660]
[383,11,660]
[439,11,660]
[440,11,660]
[616,11,660]
[829,11,660]
[935,11,660]
[1014,11,660]
[1115,11,660]
[1158,11,660]
[1164,11,660]
[1165,11,660]
[1173,11,660]
[1175,11,660]
[1210,11,660]
[1229,11,660]
[1238,11,660]
[1241,11,660]
[1251,11,660]
[1256,11,660]
[1300,11,660]
[1341,11,660]
[1351,11,660]
[1370,11,660]
[1429,11,660]
[1469,11,660]
[1484,11,660]
[1547,11,660]
[1550,11,660]
[1595,11,660]
[1614,11,660]
[1617,11,660]
[1633,11,660]
[1661,11,660]
[1694,11,660]
[1725,11,660]
[1772,11,660]
[-206,11,660]
[-202,11,660]
[-42,11,660]
[-31,11,660]
[40,11,660]
[41,11,660]
[43,11,660]
[47,11,660]
[105,11,660]
[125,11,660]
[166,11,660]
[375,11,660]
[377,11,660]
[405,11,660]
[428,11,660]
[450,11,660]
[700,11,660]
[737,11,660]
[870,11,660]
[972,11,660]
[1011,11,660]
[1016,11,660]
[1123,11,660]
[1126,11,660]
[1132,11,660]
[1184,11,660]
[1222,11,660]
[1267,11,660]
[1285,11,660]
[1299,11,660]
[1369,11,660]
[1374,11,660]
[1383,11,660]
[1415,11,660]
[1436,11,660]
[1456,11,660]
[1478,11,660]
[1491,11,660]
[1507,11,660]
[1514,11,660]
[1524,11,660]
[1583,11,660]
[1585,11,660]
[1601,11,660]
[1651,11,660]
[1686,11,660]
[1728,11,660]
[1744,11,660]
[-246,10,751]
[-97,10,751]
[-57,10,751]
[-53,10,751]
[-47,10,751]
[65,10,751]
[90,10,751]
[185,10,751]
[273,10,751]
[313,10,751]
[326,10,751]
[350,10,751]
[363,10,751]
[381,10,751]
[395,10,751]
[406,10,751]
[408,10,751]
[412,10,751]
[447,10,751]
[475,10,751]
[480,10,751]
[484,10,751]
[525,10,751]
[919,10,751]
[1088,10,751]
[1093,10,751]
[1096,10,751]
[1104,10,751]
[1109,10,751]
[1140,10,751]
[1143,10,751]
[1156,10,751]
[1214,10,751]
[1228,10,751]
[1280,10,751]
[1281,10,751]
[1289,10,751]
[1363,10,751]
[1375,10,751]
[1384,10,751]
[1434,10,751]
[1438,10,751]
[1441,10,751]
[1448,10,751]
[1470,10,751]
[1489,10,751]
[1517,10,751]
[1576,10,751]
[1668,10,751]
[1680,10,751]
[1754,10,751]
[-238,10,751]
[-221,10,751]
[-214,10,751]
[-160,10,751]
[-150,10,751]
[-63,10,751]
[-30,10,751]
[-23,10,751]
[17,10,751]
[48,10,751]
[71,10,751]
[80,10,751]
[272,10,751]
[335,10,751]
[356,10,751]
[357,10,751]
[367,10,751]
[386,10,751]
[441,10,751]
[502,10,751]
[507,10,751]
[527,10,751]
[533,10,751]
[534,10,751]
[540,10,751]
[590,10,751]
[642,10,751]
[715,10,751]
[741,10,751]
[907,10,751]
[1070,10,751]
[1080,10,751]
[1091,10,751]
[1152,10,751]
[1216,10,751]
[1258,10,751]
[1293,10,751]
[1366,10,751]
[1387,10,751]
[1439,10,751]
[1446,10,751]
[1452,10,751]
[1558,10,751]
[1589,10,751]
[1679,10,751]
[1721,10,751]
[-240,9,848]
[-190,9,848]
[-66,9,848]
[-52,9,848]
[-26,9,848]
[2,9,848]
[45,9,848]
[49,9,848]
[52,9,848]
[57,9,848]
[79,9,848]
[115,9,848]
[118,9,848]
[169,9,848]
[190,9,848]
[197,9,848]
[202,9,848]
[208,9,848]
[253,9,848]
[257,9,848]
[268,9,848]
[274,9,848]
[312,9,848]
[361,9,848]
[431,9,848]
[456,9,848]
[468,9,848]
[520,9,848]
[526,9,848]
[604,9,848]
[629,9,848]
[668,9,848]
[740,9,848]
[806,9,848]
[842,9,848]
[868,9,848]
[944,9,848]
[960,9,848]
[980,9,848]
[983,9,848]
[1013,9,848]
[1017,9,848]
[1019,9,848]
[1043,9,848]
[1046,9,848]
[1075,9,848]
[1087,9,848]
[1095,9,848]
[1098,9,848]
[1120,9,848]
[1146,9,848]
[1148,9,848]
[1163,9,848]
[1170,9,848]
[1171,9,848]
[1236,9,848]
[1244,9,848]
[1246,9,848]
[1269,9,848]
[1278,9,848]
[1286,9,848]
[1294,9,848]
[1298,9,848]
[1303,9,848]
[1318,9,848]
[1342,9,848]
[1364,9,848]
[1365,9,848]
[1401,9,848]
[1405,9,848]
[1440,9,848]
[1449,9,848]
[1451,9,848]
[1454,9,848]
[1464,9,848]
[1485,9,848]
[1506,9,848]
[1548,9,848]
[1664,9,848]
[1692,9,848]
[1752,9,848]
[-241,9,848]
[-195,9,848]
[-55,9,848]
[7,9,848]
[8,9,848]
[19,9,848]
[39,9,848]
[96,9,848]
[117,9,848]
[165,9,848]
[211,9,848]
[217,9,848]
[219,9,848]
[258,9,848]
[370,9,848]
[376,9,848]
[385,9,848]
[397,9,848]
[402,9,848]
[425,9,848]
[451,9,848]
[461,9,848]
[490,9,848]
[523,9,848]
[529,9,848]
[674,9,848]
[680,9,848]
[698,9,848]
[775,9,848]
[807,9,848]
[813,9,848]
[898,9,848]
[988,9,848]
[996,9,848]
[1012,9,848]
[1072,9,848]
[1073,9,848]
[1097,9,848]
[1099,9,848]
[1107,9,848]
[1117,9,848]
[1138,9,848]
[1179,9,848]
[1188,9,848]
[1189,9,848]
[1219,9,848]
[1232,9,848]
[1233,9,848]
[1273,9,848]
[1358,9,848]
[1368,9,848]
[1409,9,848]
[1420,9,848]
[1422,9,848]
[1467,9,848]
[1477,9,848]
[1488,9,848]
[1510,9,848]
[1566,9,848]
[1674,9,848]
[1743,9,848]
[-278,8,990]
[-264,8,990]
[-250,8,990]
[-210,8,990]
[-201,8,990]
[-191,8,990]
[-180,8,990]
[-168,8,990]
[-89,8,990]
[-69,8,990]
[5,8,990]
[18,8,990]
[77,8,990]
[98,8,990]
[128,8,990]
[184,8,990]
[195,8,990]
[259,8,990]
[303,8,990]
[315,8,990]
[320,8,990]
[351,8,990]
[366,8,990]
[388,8,990]
[394,8,990]
[411,8,990]
[435,8,990]
[457,8,990]
[496,8,990]
[532,8,990]
[537,8,990]
[554,8,990]
[619,8,990]
[632,8,990]
[660,8,990]
[726,8,990]
[751,8,990]
[756,8,990]
[785,8,990]
[828,8,990]
[843,8,990]
[936,8,990]
[945,8,990]
[961,8,990]
[1007,8,990]
[1035,8,990]
[1054,8,990]
[1055,8,990]
[1058,8,990]
[1105,8,990]
[1108,8,990]
[1111,8,990]
[1116,8,990]
[1131,8,990]
[1183,8,990]
[1192,8,990]
[1257,8,990]
[1262,8,990]
[1272,8,990]
[1277,8,990]
[1295,8,990]
[1297,8,990]
[1308,8,990]
[1314,8,990]
[1322,8,990]
[1333,8,990]
[1355,8,990]
[1372,8,990]
[1408,8,990]
[1457,8,990]
[1465,8,990]
[1466,8,990]
[1480,8,990]
[1545,8,990]
[1687,8,990]
[1710,8,990]
[1731,8,990]
[-279,8,990]
[-239,8,990]
[-234,8,990]
[-211,8,990]
[-194,8,990]
[-129,8,990]
[-54,8,990]
[15,8,990]
[30,8,990]
[42,8,990]
[44,8,990]
[51,8,990]
[53,8,990]
[64,8,990]
[75,8,990]
[78,8,990]
[136,8,990]
[189,8,990]
[220,8,990]
[276,8,990]
[298,8,990]
[311,8,990]
[337,8,990]
[360,8,990]
[364,8,990]
[390,8,990]
[399,8,990]
[401,8,990]
[415,8,990]
[421,8,990]
[422,8,990]
[429,8,990]
[430,8,990]
[432,8,990]
[444,8,990]
[465,8,990]
[488,8,990]
[493,8,990]
[513,8,990]
[552,8,990]
[565,8,990]
[568,8,990]
[587,8,990]
[701,8,990]
[708,8,990]
[710,8,990]
[713,8,990]
[746,8,990]
[789,8,990]
[844,8,990]
[863,8,990]
[866,8,990]
[878,8,990]
[905,8,990]
[928,8,990]
[963,8,990]
[969,8,990]
[986,8,990]
[1008,8,990]
[1009,8,990]
[1027,8,990]
[1045,8,990]
[1060,8,990]
[1061,8,990]
[1084,8,990]
[1110,8,990]
[1113,8,990]
[1124,8,990]
[1127,8,990]
[1128,8,990]
[1178,8,990]
[1193,8,990]
[1205,8,990]
[1234,8,990]
[1235,8,990]
[1306,8,990]
[1307,8,990]
[1312,8,990]
[1326,8,990]
[1337,8,990]
[1344,8,990]
[1350,8,990]
[1354,8,990]
[1406,8,990]
[1428,8,990]
[1435,8,990]
[1437,8,990]
[1453,8,990]
[1458,8,990]
[1460,8,990]
[1472,8,990]
[1493,8,990]
[1546,8,990]
[1574,8,990]
[1579,8,990]
[1723,8,990]
[-300,7,1163]
[-272,7,1163]
[-255,7,1163]
[-227,7,1163]
[-226,7,1163]
[-223,7,1163]
[-196,7,1163]
[-90,7,1163]
[-62,7,1163]
[-29,7,1163]
[-27,7,1163]
[10,7,1163]
[46,7,1163]
[73,7,1163]
[107,7,1163]
[123,7,1163]
[140,7,1163]
[144,7,1163]
[155,7,1163]
[172,7,1163]
[177,7,1163]
[203,7,1163]
[304,7,1163]
[308,7,1163]
[314,7,1163]
[321,7,1163]
[330,7,1163]
[355,7,1163]
[365,7,1163]
[369,7,1163]
[373,7,1163]
[434,7,1163]
[438,7,1163]
[458,7,1163]
[471,7,1163]
[477,7,1163]
[511,7,1163]
[528,7,1163]
[562,7,1163]
[586,7,1163]
[612,7,1163]
[613,7,1163]
[615,7,1163]
[640,7,1163]
[645,7,1163]
[652,7,1163]
[681,7,1163]
[684,7,1163]
[716,7,1163]
[739,7,1163]
[750,7,1163]
[802,7,1163]
[824,7,1163]
[827,7,1163]
[831,7,1163]
[836,7,1163]
[851,7,1163]
[869,7,1163]
[886,7,1163]
[920,7,1163]
[921,7,1163]
[1021,7,1163]
[1030,7,1163]
[1048,7,1163]
[1059,7,1163]
[1069,7,1163]
[1112,7,1163]
[1208,7,1163]
[1211,7,1163]
[1230,7,1163]
[1266,7,1163]
[1292,7,1163]
[1316,7,1163]
[1325,7,1163]
[1340,7,1163]
[1379,7,1163]
[1414,7,1163]
[1419,7,1163]
[1443,7,1163]
[1473,7,1163]
[1479,7,1163]
[1518,7,1163]
[1652,7,1163]
[1732,7,1163]
[1767,7,1163]
[-260,7,1163]
[-253,7,1163]
[-229,7,1163]
[-219,7,1163]
[-215,7,1163]
[-161,7,1163]
[-74,7,1163]
[-12,7,1163]
[3,7,1163]
[24,7,1163]
[84,7,1163]
[106,7,1163]
[113,7,1163]
[116,7,1163]
[120,7,1163]
[132,7,1163]
[170,7,1163]
[235,7,1163]
[251,7,1163]
[269,7,1163]
[270,7,1163]
[284,7,1163]
[301,7,1163]
[310,7,1163]
[316,7,1163]
[325,7,1163]
[338,7,1163]
[341,7,1163]
[352,7,1163]
[359,7,1163]
[414,7,1163]
[448,7,1163]
[449,7,1163]
[474,7,1163]
[501,7,1163]
[515,7,1163]
[538,7,1163]
[547,7,1163]
[549,7,1163]
[579,7,1163]
[584,7,1163]
[588,7,1163]
[593,7,1163]
[610,7,1163]
[630,7,1163]
[670,7,1163]
[682,7,1163]
[757,7,1163]
[838,7,1163]
[855,7,1163]
[877,7,1163]
[927,7,1163]
[1022,7,1163]
[1063,7,1163]
[1085,7,1163]
[1089,7,1163]
[1094,7,1163]
[1103,7,1163]
[1133,7,1163]
[1136,7,1163]
[1141,7,1163]
[1155,7,1163]
[1157,7,1163]
[1162,7,1163]
[1169,7,1163]
[1181,7,1163]
[1196,7,1163]
[1198,7,1163]
[1207,7,1163]
[1226,7,1163]
[1227,7,1163]
[1231,7,1163]
[1240,7,1163]
[1320,7,1163]
[1367,7,1163]
[1455,7,1163]
[1468,7,1163]
[1475,7,1163]
[1482,7,1163]
[1486,7,1163]
[1523,7,1163]
[1563,7,1163]
[1564,7,1163]
[1730,7,1163]
[-297,6,1332]
[-294,6,1332]
[-287,6,1332]
[-281,6,1332]
[-263,6,1332]
[-262,6,1332]
[-222,6,1332]
[-209,6,1332]
[-207,6,1332]
[-197,6,1332]
[-192,6,1332]
[-170,6,1332]
[-166,6,1332]
[-151,6,1332]
[-147,6,1332]
[-82,6,1332]
[-45,6,1332]
[-37,6,1332]
[-20,6,1332]
[12,6,1332]
[22,6,1332]
[25,6,1332]
[37,6,1332]
[59,6,1332]
[83,6,1332]
[88,6,1332]
[95,6,1332]
[97,6,1332]
[102,6,1332]
[104,6,1332]
[135,6,1332]
[167,6,1332]
[187,6,1332]
[196,6,1332]
[261,6,1332]
[275,6,1332]
[282,6,1332]
[324,6,1332]
[336,6,1332]
[342,6,1332]
[358,6,1332]
[362,6,1332]
[371,6,1332]
[391,6,1332]
[393,6,1332]
[403,6,1332]
[420,6,1332]
[426,6,1332]
[437,6,1332]
[446,6,1332]
[473,6,1332]
[491,6,1332]
[498,6,1332]
[512,6,1332]
[519,6,1332]
[541,6,1332]
[546,6,1332]
[555,6,1332]
[560,6,1332]
[570,6,1332]
[572,6,1332]
[585,6,1332]
[589,6,1332]
[591,6,1332]
[603,6,1332]
[607,6,1332]
[609,6,1332]
[633,6,1332]
[639,6,1332]
[678,6,1332]
[705,6,1332]
[711,6,1332]
[714,6,1332]
[721,6,1332]
[722,6,1332]
[747,6,1332]
[752,6,1332]
[758,6,1332]
[832,6,1332]
[854,6,1332]
[864,6,1332]
[887,6,1332]
[902,6,1332]
[924,6,1332]
[950,6,1332]
[951,6,1332]
[965,6,1332]
[978,6,1332]
[987,6,1332]
[995,6,1332]
[999,6,1332]
[1037,6,1332]
[1040,6,1332]
[1049,6,1332]
[1050,6,1332]
[1064,6,1332]
[1079,6,1332]
[1081,6,1332]
[1121,6,1332]
[1166,6,1332]
[1186,6,1332]
[1213,6,1332]
[1310,6,1332]
[1328,6,1332]
[1331,6,1332]
[1360,6,1332]
[1361,6,1332]
[1407,6,1332]
[1410,6,1332]
[1442,6,1332]
[1447,6,1332]
[1577,6,1332]
[1593,6,1332]
[1733,6,1332]
[-298,6,1332]
[-258,6,1332]
[-230,6,1332]
[-203,6,1332]
[-193,6,1332]
[-167,6,1332]
[-164,6,1332]
[-80,6,1332]
[-75,6,1332]
[-32,6,1332]
[-15,6,1332]
[21,6,1332]
[23,6,1332]
[27,6,1332]
[61,6,1332]
[72,6,1332]
[89,6,1332]
[114,6,1332]
[131,6,1332]
[134,6,1332]
[138,6,1332]
[145,6,1332]
[154,6,1332]
[164,6,1332]
[175,6,1332]
[179,6,1332]
[192,6,1332]
[194,6,1332]
[199,6,1332]
[214,6,1332]
[216,6,1332]
[230,6,1332]
[236,6,1332]
[240,6,1332]
[241,6,1332]
[283,6,1332]
[285,6,1332]
[309,6,1332]
[354,6,1332]
[387,6,1332]
[398,6,1332]
[404,6,1332]
[409,6,1332]
[466,6,1332]
[489,6,1332]
[494,6,1332]
[544,6,1332]
[595,6,1332]
[608,6,1332]
[626,6,1332]
[636,6,1332]
[650,6,1332]
[655,6,1332]
[657,6,1332]
[661,6,1332]
[671,6,1332]
[717,6,1332]
[755,6,1332]
[759,6,1332]
[781,6,1332]
[798,6,1332]
[804,6,1332]
[810,6,1332]
[839,6,1332]
[846,6,1332]
[860,6,1332]
[872,6,1332]
[874,6,1332]
[884,6,1332]
[890,6,1332]
[893,6,1332]
[896,6,1332]
[897,6,1332]
[904,6,1332]
[925,6,1332]
[930,6,1332]
[939,6,1332]
[970,6,1332]
[976,6,1332]
[981,6,1332]
[985,6,1332]
[997,6,1332]
[1056,6,1332]
[1057,6,1332]
[1082,6,1332]
[1086,6,1332]
[1114,6,1332]
[1137,6,1332]
[1149,6,1332]
[1151,6,1332]
[1224,6,1332]
[1239,6,1332]
[1304,6,1332]
[1323,6,1332]
[1336,6,1332]
[1411,6,1332]
[1412,6,1332]
[1413,6,1332]
[1418,6,1332]
[1421,6,1332]
[1432,6,1332]
[1433,6,1332]
[1671,6,1332]
[1734,6,1332]
[-284,5,1550]
[-283,5,1550]
[-235,5,1550]
[-228,5,1550]
[-208,5,1550]
[-198,5,1550]
[-162,5,1550]
[-154,5,1550]
[-149,5,1550]
[-137,5,1550]
[-131,5,1550]
[-121,5,1550]
[-113,5,1550]
[-111,5,1550]
[-88,5,1550]
[-86,5,1550]
[13,5,1550]
[31,5,1550]
[36,5,1550]
[38,5,1550]
[76,5,1550]
[101,5,1550]
[109,5,1550]
[110,5,1550]
[161,5,1550]
[171,5,1550]
[191,5,1550]
[205,5,1550]
[229,5,1550]
[247,5,1550]
[265,5,1550]
[296,5,1550]
[307,5,1550]
[333,5,1550]
[334,5,1550]
[340,5,1550]
[407,5,1550]
[413,5,1550]
[427,5,1550]
[445,5,1550]
[452,5,1550]
[472,5,1550]
[504,5,1550]
[508,5,1550]
[521,5,1550]
[558,5,1550]
[561,5,1550]
[569,5,1550]
[605,5,1550]
[627,5,1550]
[634,5,1550]
[641,5,1550]
[643,5,1550]
[654,5,1550]
[656,5,1550]
[676,5,1550]
[687,5,1550]
[694,5,1550]
[707,5,1550]
[764,5,1550]
[768,5,1550]
[803,5,1550]
[814,5,1550]
[820,5,1550]
[834,5,1550]
[837,5,1550]
[848,5,1550]
[850,5,1550]
[879,5,1550]
[881,5,1550]
[882,5,1550]
[911,5,1550]
[912,5,1550]
[933,5,1550]
[940,5,1550]
[958,5,1550]
[971,5,1550]
[979,5,1550]
[982,5,1550]
[984,5,1550]
[1020,5,1550]
[1026,5,1550]
[1041,5,1550]
[1130,5,1550]
[1142,5,1550]
[1161,5,1550]
[1201,5,1550]
[1223,5,1550]
[1245,5,1550]
[1332,5,1550]
[1339,5,1550]
[1423,5,1550]
[1426,5,1550]
[1462,5,1550]
[1508,5,1550]
[1706,5,1550]
[-288,5,1550]
[-282,5,1550]
[-204,5,1550]
[-188,5,1550]
[-179,5,1550]
[-175,5,1550]
[-171,5,1550]
[-134,5,1550]
[-133,5,1550]
[-94,5,1550]
[-92,5,1550]
[-68,5,1550]
[-59,5,1550]
[-50,5,1550]
[-38,5,1550]
[-35,5,1550]
[-33,5,1550]
[-25,5,1550]
[16,5,1550]
[63,5,1550]
[74,5,1550]
[82,5,1550]
[86,5,1550]
[112,5,1550]
[122,5,1550]
[142,5,1550]
[147,5,1550]
[178,5,1550]
[204,5,1550]
[212,5,1550]
[222,5,1550]
[243,5,1550]
[267,5,1550]
[318,5,1550]
[331,5,1550]
[344,5,1550]
[346,5,1550]
[382,5,1550]
[396,5,1550]
[442,5,1550]
[453,5,1550]
[459,5,1550]
[462,5,1550]
[481,5,1550]
[485,5,1550]
[497,5,1550]
[524,5,1550]
[567,5,1550]
[575,5,1550]
[583,5,1550]
[601,5,1550]
[614,5,1550]
[617,5,1550]
[637,5,1550]
[649,5,1550]
[653,5,1550]
[663,5,1550]
[665,5,1550]
[709,5,1550]
[712,5,1550]
[720,5,1550]
[730,5,1550]
[754,5,1550]
[761,5,1550]
[780,5,1550]
[830,5,1550]
[841,5,1550]
[845,5,1550]
[856,5,1550]
[858,5,1550]
[862,5,1550]
[865,5,1550]
[875,5,1550]
[895,5,1550]
[913,5,1550]
[931,5,1550]
[934,5,1550]
[948,5,1550]
[975,5,1550]
[1006,5,1550]
[1015,5,1550]
[1024,5,1550]
[1028,5,1550]
[1047,5,1550]
[1071,5,1550]
[1078,5,1550]
[1083,5,1550]
[1122,5,1550]
[1168,5,1550]
[1172,5,1550]
[1200,5,1550]
[1296,5,1550]
[1309,5,1550]
[1343,5,1550]
[1417,5,1550]
[1463,5,1550]
[1749,5,1550]
[-293,4,1743]
[-275,4,1743]
[-245,4,1743]
[-243,4,1743]
[-187,4,1743]
[-184,4,1743]
[-183,4,1743]
[-153,4,1743]
[-148,4,1743]
[-146,4,1743]
[-138,4,1743]
[-119,4,1743]
[-115,4,1743]
[-104,4,1743]
[-93,4,1743]
[-87,4,1743]
[-78,4,1743]
[-77,4,1743]
[-70,4,1743]
[-60,4,1743]
[-56,4,1743]
[-34,4,1743]
[-28,4,1743]
[-22,4,1743]
[-18,4,1743]
[-16,4,1743]
[-10,4,1743]
[-9,4,1743]
[28,4,1743]
[32,4,1743]
[55,4,1743]
[92,4,1743]
[93,4,1743]
[198,4,1743]
[218,4,1743]
[232,4,1743]
[245,4,1743]
[248,4,1743]
[295,4,1743]
[302,4,1743]
[317,4,1743]
[327,4,1743]
[353,4,1743]
[416,4,1743]
[417,4,1743]
[418,4,1743]
[454,4,1743]
[464,4,1743]
[487,4,1743]
[518,4,1743]
[522,4,1743]
[553,4,1743]
[574,4,1743]
[581,4,1743]
[618,4,1743]
[622,4,1743]
[628,4,1743]
[638,4,1743]
[646,4,1743]
[673,4,1743]
[683,4,1743]
[718,4,1743]
[748,4,1743]
[763,4,1743]
[772,4,1743]
[782,4,1743]
[784,4,1743]
[788,4,1743]
[793,4,1743]
[805,4,1743]
[822,4,1743]
[833,4,1743]
[835,4,1743]
[867,4,1743]
[883,4,1743]
[891,4,1743]
[943,4,1743]
[946,4,1743]
[947,4,1743]
[954,4,1743]
[964,4,1743]
[968,4,1743]
[973,4,1743]
[977,4,1743]
[1023,4,1743]
[1031,4,1743]
[1034,4,1743]
[1090,4,1743]
[1092,4,1743]
[1106,4,1743]
[1129,4,1743]
[1139,4,1743]
[1195,4,1743]
[1305,4,1743]
[1313,4,1743]
[1327,4,1743]
[1416,4,1743]
[1425,4,1743]
[1445,4,1743]
[1459,4,1743]
[1474,4,1743]
[-274,4,1743]
[-268,4,1743]
[-266,4,1743]
[-265,4,1743]
[-256,4,1743]
[-251,4,1743]
[-244,4,1743]
[-225,4,1743]
[-213,4,1743]
[-189,4,1743]
[-163,4,1743]
[-157,4,1743]
[-141,4,1743]
[-128,4,1743]
[-96,4,1743]
[-95,4,1743]
[-91,4,1743]
[-83,4,1743]
[-64,4,1743]
[-51,4,1743]
[-41,4,1743]
[-13,4,1743]
[-2,4,1743]
[-1,4,1743]
[11,4,1743]
[20,4,1743]
[33,4,1743]
[81,4,1743]
[85,4,1743]
[87,4,1743]
[91,4,1743]
[94,4,1743]
[103,4,1743]
[119,4,1743]
[121,4,1743]
[124,4,1743]
[127,4,1743]
[141,4,1743]
[146,4,1743]
[160,4,1743]
[215,4,1743]
[226,4,1743]
[237,4,1743]
[242,4,1743]
[249,4,1743]
[252,4,1743]
[286,4,1743]
[287,4,1743]
[290,4,1743]
[294,4,1743]
[319,4,1743]
[368,4,1743]
[392,4,1743]
[423,4,1743]
[424,4,1743]
[467,4,1743]
[469,4,1743]
[470,4,1743]
[478,4,1743]
[479,4,1743]
[503,4,1743]
[505,4,1743]
[506,4,1743]
[514,4,1743]
[517,4,1743]
[539,4,1743]
[551,4,1743]
[559,4,1743]
[580,4,1743]
[582,4,1743]
[599,4,1743]
[635,4,1743]
[651,4,1743]
[658,4,1743]
[666,4,1743]
[686,4,1743]
[695,4,1743]
[697,4,1743]
[702,4,1743]
[704,4,1743]
[731,4,1743]
[743,4,1743]
[760,4,1743]
[817,4,1743]
[847,4,1743]
[859,4,1743]
[861,4,1743]
[880,4,1743]
[885,4,1743]
[894,4,1743]
[910,4,1743]
[916,4,1743]
[942,4,1743]
[955,4,1743]
[962,4,1743]
[992,4,1743]
[994,4,1743]
[998,4,1743]
[1025,4,1743]
[1036,4,1743]
[1051,4,1743]
[1062,4,1743]
[1074,4,1743]
[1159,4,1743]
[1243,4,1743]
[1301,4,1743]
[1311,4,1743]
[1330,4,1743]
[1338,4,1743]
[1476,4,1743]
[-295,3,1954]
[-276,3,1954]
[-257,3,1954]
[-199,3,1954]
[-186,3,1954]
[-169,3,1954]
[-155,3,1954]
[-140,3,1954]
[-124,3,1954]
[-108,3,1954]
[-103,3,1954]
[-102,3,1954]
[-39,3,1954]
[-11,3,1954]
[56,3,1954]
[108,3,1954]
[168,3,1954]
[176,3,1954]
[186,3,1954]
[188,3,1954]
[201,3,1954]
[209,3,1954]
[221,3,1954]
[234,3,1954]
[239,3,1954]
[254,3,1954]
[262,3,1954]
[263,3,1954]
[299,3,1954]
[323,3,1954]
[339,3,1954]
[343,3,1954]
[347,3,1954]
[348,3,1954]
[374,3,1954]
[436,3,1954]
[443,3,1954]
[483,3,1954]
[486,3,1954]
[499,3,1954]
[516,3,1954]
[542,3,1954]
[556,3,1954]
[563,3,1954]
[576,3,1954]
[592,3,1954]
[624,3,1954]
[664,3,1954]
[672,3,1954]
[677,3,1954]
[691,3,1954]
[692,3,1954]
[706,3,1954]
[732,3,1954]
[736,3,1954]
[749,3,1954]
[765,3,1954]
[766,3,1954]
[767,3,1954]
[770,3,1954]
[773,3,1954]
[778,3,1954]
[779,3,1954]
[787,3,1954]
[790,3,1954]
[795,3,1954]
[821,3,1954]
[825,3,1954]
[840,3,1954]
[852,3,1954]
[892,3,1954]
[903,3,1954]
[923,3,1954]
[929,3,1954]
[932,3,1954]
[953,3,1954]
[1044,3,1954]
[1052,3,1954]
[1065,3,1954]
[1317,3,1954]
[-299,3,1954]
[-286,3,1954]
[-285,3,1954]
[-232,3,1954]
[-185,3,1954]
[-181,3,1954]
[-177,3,1954]
[-176,3,1954]
[-172,3,1954]
[-145,3,1954]
[-142,3,1954]
[-139,3,1954]
[-132,3,1954]
[-123,3,1954]
[-118,3,1954]
[-105,3,1954]
[-98,3,1954]
[-81,3,1954]
[-76,3,1954]
[-73,3,1954]
[-72,3,1954]
[-71,3,1954]
[-65,3,1954]
[-61,3,1954]
[-19,3,1954]
[-14,3,1954]
[26,3,1954]
[29,3,1954]
[129,3,1954]
[139,3,1954]
[143,3,1954]
[151,3,1954]
[152,3,1954]
[162,3,1954]
[173,3,1954]
[174,3,1954]
[181,3,1954]
[206,3,1954]
[213,3,1954]
[227,3,1954]
[228,3,1954]
[231,3,1954]
[246,3,1954]
[277,3,1954]
[278,3,1954]
[289,3,1954]
[332,3,1954]
[433,3,1954]
[492,3,1954]
[495,3,1954]
[510,3,1954]
[577,3,1954]
[578,3,1954]
[594,3,1954]
[606,3,1954]
[620,3,1954]
[621,3,1954]
[623,3,1954]
[690,3,1954]
[719,3,1954]
[724,3,1954]
[725,3,1954]
[735,3,1954]
[738,3,1954]
[753,3,1954]
[762,3,1954]
[786,3,1954]
[792,3,1954]
[794,3,1954]
[796,3,1954]
[809,3,1954]
[811,3,1954]
[812,3,1954]
[818,3,1954]
[819,3,1954]
[873,3,1954]
[888,3,1954]
[899,3,1954]
[908,3,1954]
[909,3,1954]
[915,3,1954]
[937,3,1954]
[949,3,1954]
[957,3,1954]
[959,3,1954]
[989,3,1954]
[990,3,1954]
[1038,3,1954]
[1039,3,1954]
[1053,3,1954]
[1068,3,1954]
[1199,3,1954]
[1225,3,1954]
[1321,3,1954]
[1334,3,1954]
[1424,3,1954]
[-292,2,2130]
[-291,2,2130]
[-290,2,2130]
[-271,2,2130]
[-270,2,2130]
[-254,2,2130]
[-252,2,2130]
[-249,2,2130]
[-178,2,2130]
[-173,2,2130]
[-165,2,2130]
[-158,2,2130]
[-144,2,2130]
[-135,2,2130]
[-126,2,2130]
[-125,2,2130]
[-122,2,2130]
[-116,2,2130]
[-114,2,2130]
[-110,2,2130]
[-107,2,2130]
[-24,2,2130]
[-3,2,2130]
[111,2,2130]
[133,2,2130]
[148,2,2130]
[153,2,2130]
[225,2,2130]
[264,2,2130]
[288,2,2130]
[292,2,2130]
[297,2,2130]
[463,2,2130]
[482,2,2130]
[573,2,2130]
[602,2,2130]
[631,2,2130]
[644,2,2130]
[648,2,2130]
[659,2,2130]
[662,2,2130]
[667,2,2130]
[688,2,2130]
[703,2,2130]
[723,2,2130]
[727,2,2130]
[769,2,2130]
[771,2,2130]
[777,2,2130]
[791,2,2130]
[797,2,2130]
[801,2,2130]
[815,2,2130]
[816,2,2130]
[823,2,2130]
[826,2,2130]
[849,2,2130]
[853,2,2130]
[857,2,2130]
[917,2,2130]
[938,2,2130]
[1032,2,2130]
[1033,2,2130]
[1353,2,2130]
[-296,2,2130]
[-277,2,2130]
[-273,2,2130]
[-261,2,2130]
[-259,2,2130]
[-247,2,2130]
[-242,2,2130]
[-237,2,2130]
[-236,2,2130]
[-231,2,2130]
[-224,2,2130]
[-159,2,2130]
[-112,2,2130]
[-106,2,2130]
[-101,2,2130]
[-79,2,2130]
[-6,2,2130]
[-4,2,2130]
[35,2,2130]
[158,2,2130]
[159,2,2130]
[182,2,2130]
[207,2,2130]
[223,2,2130]
[266,2,2130]
[279,2,2130]
[291,2,2130]
[329,2,2130]
[349,2,2130]
[545,2,2130]
[557,2,2130]
[596,2,2130]
[597,2,2130]
[625,2,2130]
[647,2,2130]
[689,2,2130]
[699,2,2130]
[745,2,2130]
[776,2,2130]
[800,2,2130]
[808,2,2130]
[906,2,2130]
[918,2,2130]
[926,2,2130]
[941,2,2130]
[952,2,2130]
[991,2,2130]
[1319,2,2130]
[1324,2,2130]
[-233,1,2243]
[-182,1,2243]
[-152,1,2243]
[-143,1,2243]
[-136,1,2243]
[-130,1,2243]
[-84,1,2243]
[126,1,2243]
[156,1,2243]
[157,1,2243]
[163,1,2243]
[183,1,2243]
[210,1,2243]
[224,1,2243]
[233,1,2243]
[328,1,2243]
[389,1,2243]
[419,1,2243]
[543,1,2243]
[548,1,2243]
[564,1,2243]
[598,1,2243]
[611,1,2243]
[696,1,2243]
[728,1,2243]
[729,1,2243]
[734,1,2243]
[783,1,2243]
[956,1,2243]
[993,1,2243]
[1029,1,2243]
[-289,1,2243]
[-269,1,2243]
[-267,1,2243]
[-248,1,2243]
[-174,1,2243]
[-156,1,2243]
[-127,1,2243]
[-120,1,2243]
[-117,1,2243]
[-109,1,2243]
[-99,1,2243]
[-85,1,2243]
[-21,1,2243]
[-17,1,2243]
[-8,1,2243]
[-7,1,2243]
[-5,1,2243]
[99,1,2243]
[137,1,2243]
[149,1,2243]
[255,1,2243]
[281,1,2243]
[322,1,2243]
[345,1,2243]
[509,1,2243]
[566,1,2243]
[571,1,2243]
[669,1,2243]
[679,1,2243]
[693,1,2243]
[733,1,2243]
[799,1,2243]
[876,1,2243]
[922,1,2243]
[966,1,2243]
